Number of generations: 100	PopulationSize: 100	k-Value: 3
Mutation Rate: 0.0		Crossover Type:OX	Crossover Rate: 1.0
Random Number Seed: 11

141.6281665796973	176.5964131972204
141.6281665796973	168.51138862566296
125.11830575036741	163.68225670838422
122.89192756134102	155.05445690030083
120.10914905021251	152.96905076890332
119.67330381949097	154.31499330784035
119.67330381949097	153.84778176483013
119.67330381949097	145.60688100667966
118.95363832659791	140.48561632814415
112.59577951631081	135.7541568039459
112.59577951631081	134.43981945924625
111.71520316377409	127.67243736402139
111.71520316377409	128.5176041757928
111.12825211542456	126.02661795712761
111.12825211542456	117.94877917074525
97.85201485095115	113.21191516133793
97.85201485095115	110.14081816306667
97.85201485095115	112.10671403223722
97.85201485095115	109.20628613744724
97.85201485095115	102.2732231478753
97.85201485095115	98.78126661625696
97.85201485095115	97.92170111334082
97.85201485095115	97.85201485095116
97.85201485095115	97.85201485095116
97.85201485095115	97.85201485095116
97.85201485095115	97.85201485095116
97.85201485095115	97.85201485095116
97.85201485095115	97.85201485095116
97.85201485095115	97.85201485095116
97.85201485095115	97.85201485095116
97.85201485095115	97.85201485095116
97.85201485095115	97.85201485095116
97.85201485095115	97.85201485095116
97.85201485095115	97.85201485095116
97.85201485095115	97.85201485095116
97.85201485095115	97.85201485095116
97.85201485095115	97.85201485095116
97.85201485095115	97.85201485095116
97.85201485095115	97.85201485095116
97.85201485095115	97.85201485095116
97.85201485095115	97.85201485095116
97.85201485095115	97.85201485095116
97.85201485095115	97.85201485095116
97.85201485095115	97.85201485095116
97.85201485095115	97.85201485095116
97.85201485095115	97.85201485095116
97.85201485095115	97.85201485095116
97.85201485095115	97.85201485095116
97.85201485095115	97.85201485095116
97.85201485095115	97.85201485095116
97.85201485095115	97.85201485095116
97.85201485095115	97.85201485095116
97.85201485095115	97.85201485095116
97.85201485095115	97.85201485095116
97.85201485095115	97.85201485095116
97.85201485095115	97.85201485095116
97.85201485095115	97.85201485095116
97.85201485095115	97.85201485095116
97.85201485095115	97.85201485095116
97.85201485095115	97.85201485095116
97.85201485095115	97.85201485095116
97.85201485095115	97.85201485095116
97.85201485095115	97.85201485095116
97.85201485095115	97.85201485095116
97.85201485095115	97.85201485095116
97.85201485095115	97.85201485095116
97.85201485095115	97.85201485095116
97.85201485095115	97.85201485095116
97.85201485095115	97.85201485095116
97.85201485095115	97.85201485095116
97.85201485095115	97.85201485095116
97.85201485095115	97.85201485095116
97.85201485095115	97.85201485095116
97.85201485095115	97.85201485095116
97.85201485095115	97.85201485095116
97.85201485095115	97.85201485095116
97.85201485095115	97.85201485095116
97.85201485095115	97.85201485095116
97.85201485095115	97.85201485095116
97.85201485095115	97.85201485095116
97.85201485095115	97.85201485095116
97.85201485095115	97.85201485095116
97.85201485095115	97.85201485095116
97.85201485095115	97.85201485095116
97.85201485095115	97.85201485095116
97.85201485095115	97.85201485095116
97.85201485095115	97.85201485095116
97.85201485095115	97.85201485095116
97.85201485095115	97.85201485095116
97.85201485095115	97.85201485095116
97.85201485095115	97.85201485095116
97.85201485095115	97.85201485095116
97.85201485095115	97.85201485095116
97.85201485095115	97.85201485095116
97.85201485095115	97.85201485095116
97.85201485095115	97.85201485095116
97.85201485095115	97.85201485095116
97.85201485095115	97.85201485095116
97.85201485095115	97.85201485095116
97.85201485095115	97.85201485095116

11 9 21 20 19 22 4 3 17 2 16 18 8 1 14 12 10 7 13 6 15 5 
97.85201485095115
