Number of generations: 100	PopulationSize: 100	k-Value: 3
Mutation Rate: 0.0		Crossover Type:OX	Crossover Rate: 1.0
Random Number Seed: 11

1432.3455810042474	1591.7358146046927
1375.6362344790186	1527.716849045916
1375.6362344790186	1475.1052040364002
1375.6362344790186	1412.542096056437
1271.2874068175363	1366.587529147983
1271.2874068175363	1360.2647711537618
1271.2874068175363	1315.4248239198764
1256.162374489899	1296.3634796043561
1226.4391235410085	1268.1775566475862
1226.4391235410085	1269.3986127423686
1215.611926153355	1253.866951864045
1215.611926153355	1258.1361838040266
1143.0402026914219	1239.3400450740237
1143.0402026914219	1218.7553740517096
1143.0402026914219	1199.7130229584984
1143.0402026914219	1192.4408302651873
1121.489460977239	1173.8278158175062
1120.5462680604658	1178.993362619753
1105.7869135356948	1161.3716419317323
1096.4337915989763	1159.432085855507
1096.4337915989763	1168.050422293733
1096.4337915989763	1159.1169343415881
1087.9778676867058	1131.2135403462091
1074.1925100992153	1122.2355391575052
1032.9161878112968	1131.6460454660903
1032.9161878112968	1100.7608506160648
1032.9161878112968	1107.4915226130784
1032.9161878112968	1102.6468267235655
1032.9161878112968	1109.4846398773734
1028.7636902307931	1098.7039250309108
999.7982238126174	1075.2781980889524
999.7982238126174	1076.4681656146295
988.4236253201409	1060.1692644330453
984.467470450276	1038.3395206620585
981.1389605583914	1036.4208410967933
934.2509691631811	1046.9710462802595
933.3810982228582	1046.8256008596043
933.3810982228582	1046.0544641435501
933.3810982228582	1040.7302048106503
933.3810982228582	1052.088949952104
933.3810982228582	1039.4346902593704
933.3810982228582	1026.172806940625
933.3810982228582	1017.9065919237568
933.3810982228582	1019.4733678459637
923.2639960632094	1012.5721128041134
923.2639960632094	1000.6492328698316
923.2639960632094	1006.3074474295088
923.2639960632094	992.3479579416613
923.2639960632094	988.3376782743312
923.2639960632094	982.2937893729163
923.2639960632094	987.4946211224262
923.2639960632094	968.3069037368426
923.2639960632094	953.367818381643
923.2639960632094	948.4549047274053
923.2639960632094	971.8278574318617
923.2639960632094	945.2018285519745
917.2343372847553	975.9454910902964
917.2343372847553	963.7958026736918
917.2343372847553	958.655894795851
917.2343372847553	937.7594576262808
917.2343372847552	924.7747347935065
917.2343372847552	908.2456015224888
892.503398232419	897.8733274971389
891.8208092708576	903.9887795846167
891.8208092708576	895.209470891231
891.8208092708576	893.6094097260753
891.8208092708576	897.2697902753322
891.8208092708575	904.0298895380755
882.815260440122	892.3526106549994
882.815260440122	889.6594775514801
882.815260440122	886.777701925645
882.815260440122	883.2655378816585
882.815260440122	882.8152604401216
882.815260440122	882.8152604401216
882.815260440122	882.8152604401216
882.815260440122	882.8152604401216
882.815260440122	882.8152604401216
882.815260440122	882.8152604401216
882.815260440122	882.8152604401216
882.815260440122	882.8152604401216
882.815260440122	882.8152604401216
882.815260440122	882.8152604401216
882.815260440122	882.8152604401216
882.815260440122	882.8152604401216
882.815260440122	882.8152604401216
882.815260440122	882.8152604401216
882.815260440122	882.8152604401216
882.815260440122	882.8152604401216
882.815260440122	882.8152604401216
882.815260440122	882.8152604401216
882.815260440122	882.8152604401216
882.815260440122	882.8152604401216
882.815260440122	882.8152604401216
882.815260440122	882.8152604401216
882.815260440122	882.8152604401216
882.815260440122	882.8152604401216
882.815260440122	882.8152604401216
882.815260440122	882.8152604401216
882.815260440122	882.8152604401216
882.815260440122	882.8152604401216

3 20 22 2 21 50 9 39 45 25 26 7 23 24 14 8 18 17 49 30 34 32 46 44 40 42 19 41 13 37 15 33 10 16 28 43 48 31 29 11 38 6 51 1 4 5 12 47 27 35 36 
882.815260440122
